{
  "nbformat": 4,
  "nbformat_minor": 0,
  "metadata": {
    "colab": {
      "provenance": [],
      "include_colab_link": true
    },
    "kernelspec": {
      "name": "python3",
      "display_name": "Python 3"
    },
    "language_info": {
      "name": "python"
    }
  },
  "cells": [
    {
      "cell_type": "markdown",
      "metadata": {
        "id": "view-in-github",
        "colab_type": "text"
      },
      "source": [
        "<a href=\"https://colab.research.google.com/github/TheJustOkayGatsby/Machine-Learning/blob/main/Encoding%20MultiClass%2C%20SVR%20and%20RFReg.ipynb\" target=\"_parent\"><img src=\"https://colab.research.google.com/assets/colab-badge.svg\" alt=\"Open In Colab\"/></a>"
      ]
    },
    {
      "cell_type": "code",
      "source": [
        "pip install category_encoders"
      ],
      "metadata": {
        "id": "aKr50sXqx_lm",
        "colab": {
          "base_uri": "https://localhost:8080/"
        },
        "outputId": "ee7ea9ca-ec95-4ee3-f555-74ddc2c9bfa7"
      },
      "execution_count": null,
      "outputs": [
        {
          "output_type": "stream",
          "name": "stdout",
          "text": [
            "Requirement already satisfied: category_encoders in /usr/local/lib/python3.10/dist-packages (2.6.1)\n",
            "Requirement already satisfied: numpy>=1.14.0 in /usr/local/lib/python3.10/dist-packages (from category_encoders) (1.22.4)\n",
            "Requirement already satisfied: scikit-learn>=0.20.0 in /usr/local/lib/python3.10/dist-packages (from category_encoders) (1.2.2)\n",
            "Requirement already satisfied: scipy>=1.0.0 in /usr/local/lib/python3.10/dist-packages (from category_encoders) (1.10.1)\n",
            "Requirement already satisfied: statsmodels>=0.9.0 in /usr/local/lib/python3.10/dist-packages (from category_encoders) (0.13.5)\n",
            "Requirement already satisfied: pandas>=1.0.5 in /usr/local/lib/python3.10/dist-packages (from category_encoders) (1.5.3)\n",
            "Requirement already satisfied: patsy>=0.5.1 in /usr/local/lib/python3.10/dist-packages (from category_encoders) (0.5.3)\n",
            "Requirement already satisfied: python-dateutil>=2.8.1 in /usr/local/lib/python3.10/dist-packages (from pandas>=1.0.5->category_encoders) (2.8.2)\n",
            "Requirement already satisfied: pytz>=2020.1 in /usr/local/lib/python3.10/dist-packages (from pandas>=1.0.5->category_encoders) (2022.7.1)\n",
            "Requirement already satisfied: six in /usr/local/lib/python3.10/dist-packages (from patsy>=0.5.1->category_encoders) (1.16.0)\n",
            "Requirement already satisfied: joblib>=1.1.1 in /usr/local/lib/python3.10/dist-packages (from scikit-learn>=0.20.0->category_encoders) (1.3.1)\n",
            "Requirement already satisfied: threadpoolctl>=2.0.0 in /usr/local/lib/python3.10/dist-packages (from scikit-learn>=0.20.0->category_encoders) (3.1.0)\n",
            "Requirement already satisfied: packaging>=21.3 in /usr/local/lib/python3.10/dist-packages (from statsmodels>=0.9.0->category_encoders) (23.1)\n"
          ]
        }
      ]
    },
    {
      "cell_type": "code",
      "source": [
        "from pandas import read_csv, Series\n",
        "from sklearn.preprocessing import StandardScaler\n",
        "from sklearn.model_selection import GridSearchCV\n",
        "from category_encoders import TargetEncoder\n",
        "from sklearn.ensemble import RandomForestRegressor\n",
        "from sklearn.svm import SVR\n",
        "import plotly.figure_factory as ff\n",
        "\n",
        "# Importing dataset and examining it\n",
        "data = read_csv(\"/content/drive/MyDrive/DBS Lectures /LifeExpectancy.csv\")\n",
        "data.head()\n",
        "data.info()"
      ],
      "metadata": {
        "id": "gLAQe3z1gKmg",
        "colab": {
          "base_uri": "https://localhost:8080/"
        },
        "outputId": "4624caa6-322a-452f-9a52-19bf127a3337"
      },
      "execution_count": null,
      "outputs": [
        {
          "output_type": "stream",
          "name": "stdout",
          "text": [
            "<class 'pandas.core.frame.DataFrame'>\n",
            "RangeIndex: 1974 entries, 0 to 1973\n",
            "Data columns (total 22 columns):\n",
            " #   Column                           Non-Null Count  Dtype  \n",
            "---  ------                           --------------  -----  \n",
            " 0   Country                          1974 non-null   object \n",
            " 1   Year                             1974 non-null   int64  \n",
            " 2   Status                           1974 non-null   object \n",
            " 3   Life expectancy                  1974 non-null   float64\n",
            " 4   Adult Mortality                  1974 non-null   int64  \n",
            " 5   infant deaths                    1974 non-null   int64  \n",
            " 6   Alcohol                          1974 non-null   float64\n",
            " 7   percentage expenditure           1974 non-null   float64\n",
            " 8   Hepatitis B                      1974 non-null   float64\n",
            " 9   Measles                          1974 non-null   int64  \n",
            " 10  BMI                              1974 non-null   float64\n",
            " 11  under-five deaths                1974 non-null   int64  \n",
            " 12  Polio                            1974 non-null   int64  \n",
            " 13  Total expenditure                1974 non-null   float64\n",
            " 14  Diphtheria                       1974 non-null   int64  \n",
            " 15  HIV/AIDS                         1974 non-null   float64\n",
            " 16  GDP                              1974 non-null   float64\n",
            " 17  Population                       1974 non-null   float64\n",
            " 18  thinness  1-19 years             1974 non-null   float64\n",
            " 19  thinness 5-9 years               1974 non-null   float64\n",
            " 20  Income composition of resources  1974 non-null   float64\n",
            " 21  Schooling                        1974 non-null   float64\n",
            "dtypes: float64(13), int64(7), object(2)\n",
            "memory usage: 339.4+ KB\n"
          ]
        }
      ]
    },
    {
      "cell_type": "code",
      "source": [
        "print(data['Status'].unique())\n",
        "data['Status'] = data['Status'].map({'Developed': 1, 'Developing':0})\n",
        "data.info()"
      ],
      "metadata": {
        "id": "0edAQvkBgNmE",
        "colab": {
          "base_uri": "https://localhost:8080/"
        },
        "outputId": "5477e4f1-3909-43b2-e2ab-3f4837d8afea"
      },
      "execution_count": null,
      "outputs": [
        {
          "output_type": "stream",
          "name": "stdout",
          "text": [
            "['Developing' 'Developed']\n",
            "<class 'pandas.core.frame.DataFrame'>\n",
            "RangeIndex: 1974 entries, 0 to 1973\n",
            "Data columns (total 22 columns):\n",
            " #   Column                           Non-Null Count  Dtype  \n",
            "---  ------                           --------------  -----  \n",
            " 0   Country                          1974 non-null   object \n",
            " 1   Year                             1974 non-null   int64  \n",
            " 2   Status                           1974 non-null   int64  \n",
            " 3   Life expectancy                  1974 non-null   float64\n",
            " 4   Adult Mortality                  1974 non-null   int64  \n",
            " 5   infant deaths                    1974 non-null   int64  \n",
            " 6   Alcohol                          1974 non-null   float64\n",
            " 7   percentage expenditure           1974 non-null   float64\n",
            " 8   Hepatitis B                      1974 non-null   float64\n",
            " 9   Measles                          1974 non-null   int64  \n",
            " 10  BMI                              1974 non-null   float64\n",
            " 11  under-five deaths                1974 non-null   int64  \n",
            " 12  Polio                            1974 non-null   int64  \n",
            " 13  Total expenditure                1974 non-null   float64\n",
            " 14  Diphtheria                       1974 non-null   int64  \n",
            " 15  HIV/AIDS                         1974 non-null   float64\n",
            " 16  GDP                              1974 non-null   float64\n",
            " 17  Population                       1974 non-null   float64\n",
            " 18  thinness  1-19 years             1974 non-null   float64\n",
            " 19  thinness 5-9 years               1974 non-null   float64\n",
            " 20  Income composition of resources  1974 non-null   float64\n",
            " 21  Schooling                        1974 non-null   float64\n",
            "dtypes: float64(13), int64(8), object(1)\n",
            "memory usage: 339.4+ KB\n"
          ]
        }
      ]
    },
    {
      "cell_type": "code",
      "source": [
        "data['Country'].unique()"
      ],
      "metadata": {
        "id": "ZPEk-M1Fg0pX",
        "colab": {
          "base_uri": "https://localhost:8080/"
        },
        "outputId": "3ab0e8ed-4acc-4e80-a424-e6bcb47c611a"
      },
      "execution_count": null,
      "outputs": [
        {
          "output_type": "execute_result",
          "data": {
            "text/plain": [
              "array(['Afghanistan', 'Albania', 'Algeria', 'Angola', 'Argentina',\n",
              "       'Armenia', 'Australia', 'Austria', 'Azerbaijan', 'Bangladesh',\n",
              "       'Belarus', 'Belgium', 'Belize', 'Benin', 'Bhutan',\n",
              "       'Bosnia and Herzegovina', 'Botswana', 'Brazil', 'Bulgaria',\n",
              "       'Burkina Faso', 'Burundi', 'Cabo Verde', 'Cambodia', 'Cameroon',\n",
              "       'Canada', 'Central African Republic', 'Chad', 'Chile', 'China',\n",
              "       'Colombia', 'Comoros', 'Costa Rica', 'Croatia', 'Cyprus',\n",
              "       'Djibouti', 'Dominican Republic', 'Ecuador', 'El Salvador',\n",
              "       'Equatorial Guinea', 'Eritrea', 'Estonia', 'Ethiopia', 'Fiji',\n",
              "       'France', 'Gabon', 'Georgia', 'Germany', 'Ghana', 'Greece',\n",
              "       'Guatemala', 'Guinea', 'Guinea-Bissau', 'Guyana', 'Haiti',\n",
              "       'Honduras', 'India', 'Indonesia', 'Iraq', 'Ireland', 'Israel',\n",
              "       'Italy', 'Jamaica', 'Jordan', 'Kazakhstan', 'Kenya', 'Kiribati',\n",
              "       'Latvia', 'Lebanon', 'Lesotho', 'Liberia', 'Lithuania',\n",
              "       'Luxembourg', 'Madagascar', 'Malawi', 'Malaysia', 'Maldives',\n",
              "       'Mali', 'Malta', 'Mauritania', 'Mauritius', 'Mexico', 'Mongolia',\n",
              "       'Montenegro', 'Morocco', 'Mozambique', 'Myanmar', 'Namibia',\n",
              "       'Nepal', 'Netherlands', 'Nicaragua', 'Niger', 'Nigeria',\n",
              "       'Pakistan', 'Panama', 'Papua New Guinea', 'Paraguay', 'Peru',\n",
              "       'Philippines', 'Poland', 'Portugal', 'Romania',\n",
              "       'Russian Federation', 'Rwanda', 'Samoa', 'Sao Tome and Principe',\n",
              "       'Senegal', 'Serbia', 'Seychelles', 'Sierra Leone',\n",
              "       'Solomon Islands', 'South Africa', 'Spain', 'Sri Lanka',\n",
              "       'Suriname', 'Swaziland', 'Sweden', 'Syrian Arab Republic',\n",
              "       'Tajikistan', 'Thailand', 'Timor-Leste', 'Togo', 'Tonga',\n",
              "       'Trinidad and Tobago', 'Tunisia', 'Turkey', 'Turkmenistan',\n",
              "       'Uganda', 'Ukraine', 'Uruguay', 'Uzbekistan', 'Vanuatu', 'Zambia',\n",
              "       'Zimbabwe'], dtype=object)"
            ]
          },
          "metadata": {},
          "execution_count": 5
        }
      ]
    },
    {
      "cell_type": "code",
      "source": [
        "corrs = data.corr()\n",
        "figure = ff.create_annotated_heatmap(corrs.values,list(corrs.columns),list(corrs.columns), corrs.round(2).values,showscale=False)\n",
        "figure.show()"
      ],
      "metadata": {
        "id": "9beDLMuek5-Q",
        "colab": {
          "base_uri": "https://localhost:8080/",
          "height": 597
        },
        "outputId": "30a6aa0c-6d47-42a9-af89-a5a7c2e7b599"
      },
      "execution_count": null,
      "outputs": [
        {
          "output_type": "stream",
          "name": "stderr",
          "text": [
            "<ipython-input-6-8dc7232f4153>:1: FutureWarning: The default value of numeric_only in DataFrame.corr is deprecated. In a future version, it will default to False. Select only valid columns or specify the value of numeric_only to silence this warning.\n",
            "  corrs = data.corr()\n"
          ]
        },
        {
          "output_type": "display_data",
          "data": {
            "text/html": [
              "<html>\n",
              "<head><meta charset=\"utf-8\" /></head>\n",
              "<body>\n",
              "    <div>            <script src=\"https://cdnjs.cloudflare.com/ajax/libs/mathjax/2.7.5/MathJax.js?config=TeX-AMS-MML_SVG\"></script><script type=\"text/javascript\">if (window.MathJax && window.MathJax.Hub && window.MathJax.Hub.Config) {window.MathJax.Hub.Config({SVG: {font: \"STIX-Web\"}});}</script>                <script type=\"text/javascript\">window.PlotlyConfig = {MathJaxConfig: 'local'};</script>\n",
              "        <script src=\"https://cdn.plot.ly/plotly-2.18.2.min.js\"></script>                <div id=\"1ab5ba47-e50e-4287-9add-6ddca19aa34f\" class=\"plotly-graph-div\" style=\"height:525px; width:100%;\"></div>            <script type=\"text/javascript\">                                    window.PLOTLYENV=window.PLOTLYENV || {};                                    if (document.getElementById(\"1ab5ba47-e50e-4287-9add-6ddca19aa34f\")) {                    Plotly.newPlot(                        \"1ab5ba47-e50e-4287-9add-6ddca19aa34f\",                        [{\"colorscale\":[[0.0,\"#0d0887\"],[0.1111111111111111,\"#46039f\"],[0.2222222222222222,\"#7201a8\"],[0.3333333333333333,\"#9c179e\"],[0.4444444444444444,\"#bd3786\"],[0.5555555555555556,\"#d8576b\"],[0.6666666666666666,\"#ed7953\"],[0.7777777777777778,\"#fb9f3a\"],[0.8888888888888888,\"#fdca26\"],[1.0,\"#f0f921\"]],\"reversescale\":false,\"showscale\":false,\"x\":[\"Year\",\"Status\",\"Life expectancy\",\"Adult Mortality\",\"infant deaths\",\"Alcohol\",\"percentage expenditure\",\"Hepatitis B\",\"Measles\",\"BMI\",\"under-five deaths\",\"Polio\",\"Total expenditure\",\"Diphtheria\",\"HIV/AIDS\",\"GDP\",\"Population\",\"thinness  1-19 years\",\"thinness 5-9 years\",\"Income composition of resources\",\"Schooling\"],\"y\":[\"Year\",\"Status\",\"Life expectancy\",\"Adult Mortality\",\"infant deaths\",\"Alcohol\",\"percentage expenditure\",\"Hepatitis B\",\"Measles\",\"BMI\",\"under-five deaths\",\"Polio\",\"Total expenditure\",\"Diphtheria\",\"HIV/AIDS\",\"GDP\",\"Population\",\"thinness  1-19 years\",\"thinness 5-9 years\",\"Income composition of resources\",\"Schooling\"],\"z\":[[1.0,-0.0018817320076909426,0.1732462302391265,-0.0729964560065802,-0.03935919175417567,-0.05487326827016672,0.08685064976914694,0.14043948092073666,-0.1016515058177103,0.09527499513697277,-0.044363946761130306,0.1060929799172893,0.0756119882059557,0.15581100444092955,-0.14615861171475467,0.11694008132712293,0.02218283709226151,-0.0473279422486208,-0.05284697284973244,0.23646012465587052,0.2147025175859495],[-0.0018817320076909426,1.0,0.45871853570172444,-0.287084299859148,-0.1063021092452186,0.6088576525054783,0.5008436524033042,0.132511927308182,-0.07885061875287361,0.3429174492638769,-0.10887714164168756,0.2275255361226288,0.2231940607168222,0.22736513478495166,-0.1493146047692244,0.5212347998484099,-0.03443041608114194,-0.3242277373366629,-0.3221728654773378,0.47202296380154446,0.5114585630029411],[0.1732462302391265,0.45871853570172444,1.0,-0.6600785975299285,-0.16095567286974463,0.39578228813417066,0.41449697226451304,0.2413505933811123,-0.13815479073196615,0.6004669407998374,-0.18749135340346265,0.42695504650790345,0.19812730930218464,0.4549897826957426,-0.5768194034055287,0.44454713974824334,-0.01084133258949501,-0.45910518470776096,-0.44889309628639923,0.7368870022601177,0.7611384751106239],[-0.0729964560065802,-0.287084299859148,-0.6600785975299285,1.0,0.03830157152275222,-0.1831967794729317,-0.24289943225722407,-0.10082990436480904,-0.0073812856728903056,-0.373573607408,0.05285952383245918,-0.21363625312206305,-0.09610579982097629,-0.21601293549239559,0.5366653179247619,-0.2574375848067982,-0.022298918120715352,0.27744783162149056,0.2836165171867623,-0.416060030007014,-0.4126976764680834],[-0.03935919175417567,-0.1063021092452186,-0.16095567286974463,0.03830157152275222,1.0,-0.10591077591878091,-0.09020612232529375,-0.2236362482523874,0.509624602098874,-0.22862974922345486,0.996729090999195,-0.1576733635051025,-0.14776628573766962,-0.1617524387500384,0.001307665950745434,-0.09826263098209481,0.5628035787603011,0.48247868547797934,0.48845042243335146,-0.14068152083358001,-0.20196670656857005],[-0.05487326827016672,0.6088576525054783,0.39578228813417066,-0.1831967794729317,-0.10591077591878091,1.0,0.43039953013236,0.09629702475439551,-0.03053592985500663,0.38280738110319484,-0.10128312563802015,0.23199753223202393,0.22911177835092172,0.23813634445545984,-0.03614773979090506,0.45756505575872064,-0.02608930626094021,-0.40089017267093263,-0.3892563841943558,0.532153672365192,0.5908234285347274],[0.08685064976914694,0.5008436524033042,0.41449697226451304,-0.24289943225722407,-0.09020612232529375,0.43039953013236,1.0,0.007128905189090667,-0.06975717516051637,0.2785917345402913,-0.09294516853767268,0.16188190790730536,0.2179882937687961,0.1683152267461565,-0.110495458465896,0.9631632448214051,-0.01676112506709734,-0.2688706351810126,-0.26841723422252717,0.41077295382114354,0.43111315962683133],[0.14043948092073666,0.132511927308182,0.2413505933811123,-0.10082990436480904,-0.2236362482523874,0.09629702475439551,0.007128905189090667,1.0,-0.139554507083313,0.17617612048419495,-0.232953940313659,0.4669869992547778,0.13609055320414154,0.5666508870936242,-0.10618863463365591,0.02490539815148019,-0.11506355138464001,-0.14233328959619773,-0.14418889232137136,0.1951103053087756,0.24284297290519988],[-0.1016515058177103,-0.07885061875287361,-0.13815479073196615,-0.0073812856728903056,0.509624602098874,-0.03053592985500663,-0.06975717516051637,-0.139554507083313,1.0,-0.1687250032668962,0.5190463953011918,-0.11784590146761527,-0.11155714764988334,-0.12435383809521615,0.019171731285492162,-0.07438413003997572,0.269682750979729,0.22832561025535325,0.22374051984542997,-0.14090694741606702,-0.15167575315570683],[0.09527499513697277,0.3429174492638769,0.6004669407998374,-0.373573607408,-0.22862974922345486,0.38280738110319484,0.2785917345402913,0.17617612048419495,-0.1687250032668962,1.0,-0.23908347378193148,0.27397319239084456,0.2317607276240516,0.2795799620367449,-0.2401874767889673,0.30156145359263214,-0.07135152856151099,-0.5607171050567854,-0.5674097683543146,0.5499981040258599,0.5999150381825505],[-0.044363946761130306,-0.10887714164168756,-0.18749135340346265,0.05285952383245918,0.996729090999195,-0.10128312563802015,-0.09294516853767268,-0.232953940313659,0.5190463953011918,-0.23908347378193148,1.0,-0.1759295203674805,-0.14815322259525648,-0.18303074907313488,0.012937495112444719,-0.10197761645632612,0.5487650016379791,0.48488402413908266,0.4896219015992082,-0.16081904627961904,-0.2192403112405453],[0.1060929799172893,0.2275255361226288,0.42695504650790345,-0.21363625312206305,-0.1576733635051025,0.23199753223202393,0.16188190790730536,0.4669869992547778,-0.11784590146761527,0.27397319239084456,-0.1759295203674805,1.0,0.16307602036149316,0.6744961028989261,-0.13903117547149274,0.18753136040724327,-0.029286396048913556,-0.2108516400882167,-0.2119326318051808,0.38777146225848064,0.42687451881122157],[0.0756119882059557,0.2231940607168222,0.19812730930218464,-0.09610579982097629,-0.14776628573766962,0.22911177835092172,0.2179882937687961,0.13609055320414154,-0.11155714764988334,0.2317607276240516,-0.14815322259525648,0.16307602036149316,1.0,0.17661321931423776,0.025831955214911502,0.21256199287859992,-0.0778037786191495,-0.23185488001881546,-0.24760760074443083,0.20084485351756914,0.2657946653498985],[0.15581100444092955,0.22736513478495166,0.4549897826957426,-0.21601293549239559,-0.1617524387500384,0.23813634445545984,0.1683152267461565,0.5666508870936242,-0.12435383809521615,0.2795799620367449,-0.18303074907313488,0.6744961028989261,0.17661321931423776,1.0,-0.1494118853128366,0.18996489537280387,-0.02429365845047121,-0.23144112493243674,-0.22186597231899555,0.4303916430035981,0.4494523566019751],[-0.14615861171475467,-0.1493146047692244,-0.5768194034055287,0.5366653179247619,0.001307665950745434,-0.03614773979090506,-0.110495458465896,-0.10618863463365591,0.019171731285492162,-0.2401874767889673,0.012937495112444719,-0.13903117547149274,0.025831955214911502,-0.1494118853128366,1.0,-0.12224915039016213,-0.032545826472626875,0.1973506847999521,0.19632631128300998,-0.24805572534047568,-0.21785777411777277],[0.11694008132712293,0.5212347998484099,0.44454713974824334,-0.2574375848067982,-0.09826263098209481,0.45756505575872064,0.9631632448214051,0.02490539815148019,-0.07438413003997572,0.30156145359263214,-0.10197761645632612,0.18753136040724327,0.21256199287859992,0.18996489537280387,-0.12224915039016213,1.0,-0.019997721420883845,-0.28879347963797286,-0.2882440172016082,0.45327125209539737,0.47262394476483593],[0.02218283709226151,-0.03443041608114194,-0.01084133258949501,-0.022298918120715352,0.5628035787603011,-0.02608930626094021,-0.01676112506709734,-0.11506355138464001,0.269682750979729,-0.07135152856151099,0.5487650016379791,-0.029286396048913556,-0.0778037786191495,-0.02429365845047121,-0.032545826472626875,-0.019997721420883845,1.0,0.2603300540624375,0.25802884584716224,0.00010785947852530166,-0.026941269477895373],[-0.0473279422486208,-0.3242277373366629,-0.45910518470776096,0.27744783162149056,0.48247868547797934,-0.40089017267093263,-0.2688706351810126,-0.14233328959619773,0.22832561025535325,-0.5607171050567854,0.48488402413908266,-0.2108516400882167,-0.23185488001881546,-0.23144112493243674,0.1973506847999521,-0.28879347963797286,0.2603300540624375,1.0,0.9262605814490251,-0.43837054697033107,-0.4747654084831276],[-0.05284697284973244,-0.3221728654773378,-0.44889309628639923,0.2836165171867623,0.48845042243335146,-0.3892563841943558,-0.26841723422252717,-0.14418889232137136,0.22374051984542997,-0.5674097683543146,0.4896219015992082,-0.2119326318051808,-0.24760760074443083,-0.22186597231899555,0.19632631128300998,-0.2882440172016082,0.25802884584716224,0.9262605814490251,1.0,-0.41967601488817596,-0.4583156503196072],[0.23646012465587052,0.47202296380154446,0.7368870022601177,-0.416060030007014,-0.14068152083358001,0.532153672365192,0.41077295382114354,0.1951103053087756,-0.14090694741606702,0.5499981040258599,-0.16081904627961904,0.38777146225848064,0.20084485351756914,0.4303916430035981,-0.24805572534047568,0.45327125209539737,0.00010785947852530166,-0.43837054697033107,-0.41967601488817596,1.0,0.8023204521584857],[0.2147025175859495,0.5114585630029411,0.7611384751106239,-0.4126976764680834,-0.20196670656857005,0.5908234285347274,0.43111315962683133,0.24284297290519988,-0.15167575315570683,0.5999150381825505,-0.2192403112405453,0.42687451881122157,0.2657946653498985,0.4494523566019751,-0.21785777411777277,0.47262394476483593,-0.026941269477895373,-0.4747654084831276,-0.4583156503196072,0.8023204521584857,1.0]],\"type\":\"heatmap\"}],                        {\"annotations\":[{\"font\":{\"color\":\"#000000\"},\"showarrow\":false,\"text\":\"1.0\",\"x\":\"Year\",\"xref\":\"x\",\"y\":\"Year\",\"yref\":\"y\"},{\"font\":{\"color\":\"#FFFFFF\"},\"showarrow\":false,\"text\":\"-0.0\",\"x\":\"Status\",\"xref\":\"x\",\"y\":\"Year\",\"yref\":\"y\"},{\"font\":{\"color\":\"#000000\"},\"showarrow\":false,\"text\":\"0.17\",\"x\":\"Life expectancy\",\"xref\":\"x\",\"y\":\"Year\",\"yref\":\"y\"},{\"font\":{\"color\":\"#FFFFFF\"},\"showarrow\":false,\"text\":\"-0.07\",\"x\":\"Adult Mortality\",\"xref\":\"x\",\"y\":\"Year\",\"yref\":\"y\"},{\"font\":{\"color\":\"#FFFFFF\"},\"showarrow\":false,\"text\":\"-0.04\",\"x\":\"infant deaths\",\"xref\":\"x\",\"y\":\"Year\",\"yref\":\"y\"},{\"font\":{\"color\":\"#FFFFFF\"},\"showarrow\":false,\"text\":\"-0.05\",\"x\":\"Alcohol\",\"xref\":\"x\",\"y\":\"Year\",\"yref\":\"y\"},{\"font\":{\"color\":\"#FFFFFF\"},\"showarrow\":false,\"text\":\"0.09\",\"x\":\"percentage expenditure\",\"xref\":\"x\",\"y\":\"Year\",\"yref\":\"y\"},{\"font\":{\"color\":\"#FFFFFF\"},\"showarrow\":false,\"text\":\"0.14\",\"x\":\"Hepatitis B\",\"xref\":\"x\",\"y\":\"Year\",\"yref\":\"y\"},{\"font\":{\"color\":\"#FFFFFF\"},\"showarrow\":false,\"text\":\"-0.1\",\"x\":\"Measles\",\"xref\":\"x\",\"y\":\"Year\",\"yref\":\"y\"},{\"font\":{\"color\":\"#FFFFFF\"},\"showarrow\":false,\"text\":\"0.1\",\"x\":\"BMI\",\"xref\":\"x\",\"y\":\"Year\",\"yref\":\"y\"},{\"font\":{\"color\":\"#FFFFFF\"},\"showarrow\":false,\"text\":\"-0.04\",\"x\":\"under-five deaths\",\"xref\":\"x\",\"y\":\"Year\",\"yref\":\"y\"},{\"font\":{\"color\":\"#FFFFFF\"},\"showarrow\":false,\"text\":\"0.11\",\"x\":\"Polio\",\"xref\":\"x\",\"y\":\"Year\",\"yref\":\"y\"},{\"font\":{\"color\":\"#FFFFFF\"},\"showarrow\":false,\"text\":\"0.08\",\"x\":\"Total expenditure\",\"xref\":\"x\",\"y\":\"Year\",\"yref\":\"y\"},{\"font\":{\"color\":\"#FFFFFF\"},\"showarrow\":false,\"text\":\"0.16\",\"x\":\"Diphtheria\",\"xref\":\"x\",\"y\":\"Year\",\"yref\":\"y\"},{\"font\":{\"color\":\"#FFFFFF\"},\"showarrow\":false,\"text\":\"-0.15\",\"x\":\"HIV/AIDS\",\"xref\":\"x\",\"y\":\"Year\",\"yref\":\"y\"},{\"font\":{\"color\":\"#FFFFFF\"},\"showarrow\":false,\"text\":\"0.12\",\"x\":\"GDP\",\"xref\":\"x\",\"y\":\"Year\",\"yref\":\"y\"},{\"font\":{\"color\":\"#FFFFFF\"},\"showarrow\":false,\"text\":\"0.02\",\"x\":\"Population\",\"xref\":\"x\",\"y\":\"Year\",\"yref\":\"y\"},{\"font\":{\"color\":\"#FFFFFF\"},\"showarrow\":false,\"text\":\"-0.05\",\"x\":\"thinness  1-19 years\",\"xref\":\"x\",\"y\":\"Year\",\"yref\":\"y\"},{\"font\":{\"color\":\"#FFFFFF\"},\"showarrow\":false,\"text\":\"-0.05\",\"x\":\"thinness 5-9 years\",\"xref\":\"x\",\"y\":\"Year\",\"yref\":\"y\"},{\"font\":{\"color\":\"#000000\"},\"showarrow\":false,\"text\":\"0.24\",\"x\":\"Income composition of resources\",\"xref\":\"x\",\"y\":\"Year\",\"yref\":\"y\"},{\"font\":{\"color\":\"#000000\"},\"showarrow\":false,\"text\":\"0.21\",\"x\":\"Schooling\",\"xref\":\"x\",\"y\":\"Year\",\"yref\":\"y\"},{\"font\":{\"color\":\"#FFFFFF\"},\"showarrow\":false,\"text\":\"-0.0\",\"x\":\"Year\",\"xref\":\"x\",\"y\":\"Status\",\"yref\":\"y\"},{\"font\":{\"color\":\"#000000\"},\"showarrow\":false,\"text\":\"1.0\",\"x\":\"Status\",\"xref\":\"x\",\"y\":\"Status\",\"yref\":\"y\"},{\"font\":{\"color\":\"#000000\"},\"showarrow\":false,\"text\":\"0.46\",\"x\":\"Life expectancy\",\"xref\":\"x\",\"y\":\"Status\",\"yref\":\"y\"},{\"font\":{\"color\":\"#FFFFFF\"},\"showarrow\":false,\"text\":\"-0.29\",\"x\":\"Adult Mortality\",\"xref\":\"x\",\"y\":\"Status\",\"yref\":\"y\"},{\"font\":{\"color\":\"#FFFFFF\"},\"showarrow\":false,\"text\":\"-0.11\",\"x\":\"infant deaths\",\"xref\":\"x\",\"y\":\"Status\",\"yref\":\"y\"},{\"font\":{\"color\":\"#000000\"},\"showarrow\":false,\"text\":\"0.61\",\"x\":\"Alcohol\",\"xref\":\"x\",\"y\":\"Status\",\"yref\":\"y\"},{\"font\":{\"color\":\"#000000\"},\"showarrow\":false,\"text\":\"0.5\",\"x\":\"percentage expenditure\",\"xref\":\"x\",\"y\":\"Status\",\"yref\":\"y\"},{\"font\":{\"color\":\"#FFFFFF\"},\"showarrow\":false,\"text\":\"0.13\",\"x\":\"Hepatitis B\",\"xref\":\"x\",\"y\":\"Status\",\"yref\":\"y\"},{\"font\":{\"color\":\"#FFFFFF\"},\"showarrow\":false,\"text\":\"-0.08\",\"x\":\"Measles\",\"xref\":\"x\",\"y\":\"Status\",\"yref\":\"y\"},{\"font\":{\"color\":\"#000000\"},\"showarrow\":false,\"text\":\"0.34\",\"x\":\"BMI\",\"xref\":\"x\",\"y\":\"Status\",\"yref\":\"y\"},{\"font\":{\"color\":\"#FFFFFF\"},\"showarrow\":false,\"text\":\"-0.11\",\"x\":\"under-five deaths\",\"xref\":\"x\",\"y\":\"Status\",\"yref\":\"y\"},{\"font\":{\"color\":\"#000000\"},\"showarrow\":false,\"text\":\"0.23\",\"x\":\"Polio\",\"xref\":\"x\",\"y\":\"Status\",\"yref\":\"y\"},{\"font\":{\"color\":\"#000000\"},\"showarrow\":false,\"text\":\"0.22\",\"x\":\"Total expenditure\",\"xref\":\"x\",\"y\":\"Status\",\"yref\":\"y\"},{\"font\":{\"color\":\"#000000\"},\"showarrow\":false,\"text\":\"0.23\",\"x\":\"Diphtheria\",\"xref\":\"x\",\"y\":\"Status\",\"yref\":\"y\"},{\"font\":{\"color\":\"#FFFFFF\"},\"showarrow\":false,\"text\":\"-0.15\",\"x\":\"HIV/AIDS\",\"xref\":\"x\",\"y\":\"Status\",\"yref\":\"y\"},{\"font\":{\"color\":\"#000000\"},\"showarrow\":false,\"text\":\"0.52\",\"x\":\"GDP\",\"xref\":\"x\",\"y\":\"Status\",\"yref\":\"y\"},{\"font\":{\"color\":\"#FFFFFF\"},\"showarrow\":false,\"text\":\"-0.03\",\"x\":\"Population\",\"xref\":\"x\",\"y\":\"Status\",\"yref\":\"y\"},{\"font\":{\"color\":\"#FFFFFF\"},\"showarrow\":false,\"text\":\"-0.32\",\"x\":\"thinness  1-19 years\",\"xref\":\"x\",\"y\":\"Status\",\"yref\":\"y\"},{\"font\":{\"color\":\"#FFFFFF\"},\"showarrow\":false,\"text\":\"-0.32\",\"x\":\"thinness 5-9 years\",\"xref\":\"x\",\"y\":\"Status\",\"yref\":\"y\"},{\"font\":{\"color\":\"#000000\"},\"showarrow\":false,\"text\":\"0.47\",\"x\":\"Income composition of resources\",\"xref\":\"x\",\"y\":\"Status\",\"yref\":\"y\"},{\"font\":{\"color\":\"#000000\"},\"showarrow\":false,\"text\":\"0.51\",\"x\":\"Schooling\",\"xref\":\"x\",\"y\":\"Status\",\"yref\":\"y\"},{\"font\":{\"color\":\"#000000\"},\"showarrow\":false,\"text\":\"0.17\",\"x\":\"Year\",\"xref\":\"x\",\"y\":\"Life expectancy\",\"yref\":\"y\"},{\"font\":{\"color\":\"#000000\"},\"showarrow\":false,\"text\":\"0.46\",\"x\":\"Status\",\"xref\":\"x\",\"y\":\"Life expectancy\",\"yref\":\"y\"},{\"font\":{\"color\":\"#000000\"},\"showarrow\":false,\"text\":\"1.0\",\"x\":\"Life expectancy\",\"xref\":\"x\",\"y\":\"Life expectancy\",\"yref\":\"y\"},{\"font\":{\"color\":\"#FFFFFF\"},\"showarrow\":false,\"text\":\"-0.66\",\"x\":\"Adult Mortality\",\"xref\":\"x\",\"y\":\"Life expectancy\",\"yref\":\"y\"},{\"font\":{\"color\":\"#FFFFFF\"},\"showarrow\":false,\"text\":\"-0.16\",\"x\":\"infant deaths\",\"xref\":\"x\",\"y\":\"Life expectancy\",\"yref\":\"y\"},{\"font\":{\"color\":\"#000000\"},\"showarrow\":false,\"text\":\"0.4\",\"x\":\"Alcohol\",\"xref\":\"x\",\"y\":\"Life expectancy\",\"yref\":\"y\"},{\"font\":{\"color\":\"#000000\"},\"showarrow\":false,\"text\":\"0.41\",\"x\":\"percentage expenditure\",\"xref\":\"x\",\"y\":\"Life expectancy\",\"yref\":\"y\"},{\"font\":{\"color\":\"#000000\"},\"showarrow\":false,\"text\":\"0.24\",\"x\":\"Hepatitis B\",\"xref\":\"x\",\"y\":\"Life expectancy\",\"yref\":\"y\"},{\"font\":{\"color\":\"#FFFFFF\"},\"showarrow\":false,\"text\":\"-0.14\",\"x\":\"Measles\",\"xref\":\"x\",\"y\":\"Life expectancy\",\"yref\":\"y\"},{\"font\":{\"color\":\"#000000\"},\"showarrow\":false,\"text\":\"0.6\",\"x\":\"BMI\",\"xref\":\"x\",\"y\":\"Life expectancy\",\"yref\":\"y\"},{\"font\":{\"color\":\"#FFFFFF\"},\"showarrow\":false,\"text\":\"-0.19\",\"x\":\"under-five deaths\",\"xref\":\"x\",\"y\":\"Life expectancy\",\"yref\":\"y\"},{\"font\":{\"color\":\"#000000\"},\"showarrow\":false,\"text\":\"0.43\",\"x\":\"Polio\",\"xref\":\"x\",\"y\":\"Life expectancy\",\"yref\":\"y\"},{\"font\":{\"color\":\"#000000\"},\"showarrow\":false,\"text\":\"0.2\",\"x\":\"Total expenditure\",\"xref\":\"x\",\"y\":\"Life expectancy\",\"yref\":\"y\"},{\"font\":{\"color\":\"#000000\"},\"showarrow\":false,\"text\":\"0.45\",\"x\":\"Diphtheria\",\"xref\":\"x\",\"y\":\"Life expectancy\",\"yref\":\"y\"},{\"font\":{\"color\":\"#FFFFFF\"},\"showarrow\":false,\"text\":\"-0.58\",\"x\":\"HIV/AIDS\",\"xref\":\"x\",\"y\":\"Life expectancy\",\"yref\":\"y\"},{\"font\":{\"color\":\"#000000\"},\"showarrow\":false,\"text\":\"0.44\",\"x\":\"GDP\",\"xref\":\"x\",\"y\":\"Life expectancy\",\"yref\":\"y\"},{\"font\":{\"color\":\"#FFFFFF\"},\"showarrow\":false,\"text\":\"-0.01\",\"x\":\"Population\",\"xref\":\"x\",\"y\":\"Life expectancy\",\"yref\":\"y\"},{\"font\":{\"color\":\"#FFFFFF\"},\"showarrow\":false,\"text\":\"-0.46\",\"x\":\"thinness  1-19 years\",\"xref\":\"x\",\"y\":\"Life expectancy\",\"yref\":\"y\"},{\"font\":{\"color\":\"#FFFFFF\"},\"showarrow\":false,\"text\":\"-0.45\",\"x\":\"thinness 5-9 years\",\"xref\":\"x\",\"y\":\"Life expectancy\",\"yref\":\"y\"},{\"font\":{\"color\":\"#000000\"},\"showarrow\":false,\"text\":\"0.74\",\"x\":\"Income composition of resources\",\"xref\":\"x\",\"y\":\"Life expectancy\",\"yref\":\"y\"},{\"font\":{\"color\":\"#000000\"},\"showarrow\":false,\"text\":\"0.76\",\"x\":\"Schooling\",\"xref\":\"x\",\"y\":\"Life expectancy\",\"yref\":\"y\"},{\"font\":{\"color\":\"#FFFFFF\"},\"showarrow\":false,\"text\":\"-0.07\",\"x\":\"Year\",\"xref\":\"x\",\"y\":\"Adult Mortality\",\"yref\":\"y\"},{\"font\":{\"color\":\"#FFFFFF\"},\"showarrow\":false,\"text\":\"-0.29\",\"x\":\"Status\",\"xref\":\"x\",\"y\":\"Adult Mortality\",\"yref\":\"y\"},{\"font\":{\"color\":\"#FFFFFF\"},\"showarrow\":false,\"text\":\"-0.66\",\"x\":\"Life expectancy\",\"xref\":\"x\",\"y\":\"Adult Mortality\",\"yref\":\"y\"},{\"font\":{\"color\":\"#000000\"},\"showarrow\":false,\"text\":\"1.0\",\"x\":\"Adult Mortality\",\"xref\":\"x\",\"y\":\"Adult Mortality\",\"yref\":\"y\"},{\"font\":{\"color\":\"#FFFFFF\"},\"showarrow\":false,\"text\":\"0.04\",\"x\":\"infant deaths\",\"xref\":\"x\",\"y\":\"Adult Mortality\",\"yref\":\"y\"},{\"font\":{\"color\":\"#FFFFFF\"},\"showarrow\":false,\"text\":\"-0.18\",\"x\":\"Alcohol\",\"xref\":\"x\",\"y\":\"Adult Mortality\",\"yref\":\"y\"},{\"font\":{\"color\":\"#FFFFFF\"},\"showarrow\":false,\"text\":\"-0.24\",\"x\":\"percentage expenditure\",\"xref\":\"x\",\"y\":\"Adult Mortality\",\"yref\":\"y\"},{\"font\":{\"color\":\"#FFFFFF\"},\"showarrow\":false,\"text\":\"-0.1\",\"x\":\"Hepatitis B\",\"xref\":\"x\",\"y\":\"Adult Mortality\",\"yref\":\"y\"},{\"font\":{\"color\":\"#FFFFFF\"},\"showarrow\":false,\"text\":\"-0.01\",\"x\":\"Measles\",\"xref\":\"x\",\"y\":\"Adult Mortality\",\"yref\":\"y\"},{\"font\":{\"color\":\"#FFFFFF\"},\"showarrow\":false,\"text\":\"-0.37\",\"x\":\"BMI\",\"xref\":\"x\",\"y\":\"Adult Mortality\",\"yref\":\"y\"},{\"font\":{\"color\":\"#FFFFFF\"},\"showarrow\":false,\"text\":\"0.05\",\"x\":\"under-five deaths\",\"xref\":\"x\",\"y\":\"Adult Mortality\",\"yref\":\"y\"},{\"font\":{\"color\":\"#FFFFFF\"},\"showarrow\":false,\"text\":\"-0.21\",\"x\":\"Polio\",\"xref\":\"x\",\"y\":\"Adult Mortality\",\"yref\":\"y\"},{\"font\":{\"color\":\"#FFFFFF\"},\"showarrow\":false,\"text\":\"-0.1\",\"x\":\"Total expenditure\",\"xref\":\"x\",\"y\":\"Adult Mortality\",\"yref\":\"y\"},{\"font\":{\"color\":\"#FFFFFF\"},\"showarrow\":false,\"text\":\"-0.22\",\"x\":\"Diphtheria\",\"xref\":\"x\",\"y\":\"Adult Mortality\",\"yref\":\"y\"},{\"font\":{\"color\":\"#000000\"},\"showarrow\":false,\"text\":\"0.54\",\"x\":\"HIV/AIDS\",\"xref\":\"x\",\"y\":\"Adult Mortality\",\"yref\":\"y\"},{\"font\":{\"color\":\"#FFFFFF\"},\"showarrow\":false,\"text\":\"-0.26\",\"x\":\"GDP\",\"xref\":\"x\",\"y\":\"Adult Mortality\",\"yref\":\"y\"},{\"font\":{\"color\":\"#FFFFFF\"},\"showarrow\":false,\"text\":\"-0.02\",\"x\":\"Population\",\"xref\":\"x\",\"y\":\"Adult Mortality\",\"yref\":\"y\"},{\"font\":{\"color\":\"#000000\"},\"showarrow\":false,\"text\":\"0.28\",\"x\":\"thinness  1-19 years\",\"xref\":\"x\",\"y\":\"Adult Mortality\",\"yref\":\"y\"},{\"font\":{\"color\":\"#000000\"},\"showarrow\":false,\"text\":\"0.28\",\"x\":\"thinness 5-9 years\",\"xref\":\"x\",\"y\":\"Adult Mortality\",\"yref\":\"y\"},{\"font\":{\"color\":\"#FFFFFF\"},\"showarrow\":false,\"text\":\"-0.42\",\"x\":\"Income composition of resources\",\"xref\":\"x\",\"y\":\"Adult Mortality\",\"yref\":\"y\"},{\"font\":{\"color\":\"#FFFFFF\"},\"showarrow\":false,\"text\":\"-0.41\",\"x\":\"Schooling\",\"xref\":\"x\",\"y\":\"Adult Mortality\",\"yref\":\"y\"},{\"font\":{\"color\":\"#FFFFFF\"},\"showarrow\":false,\"text\":\"-0.04\",\"x\":\"Year\",\"xref\":\"x\",\"y\":\"infant deaths\",\"yref\":\"y\"},{\"font\":{\"color\":\"#FFFFFF\"},\"showarrow\":false,\"text\":\"-0.11\",\"x\":\"Status\",\"xref\":\"x\",\"y\":\"infant deaths\",\"yref\":\"y\"},{\"font\":{\"color\":\"#FFFFFF\"},\"showarrow\":false,\"text\":\"-0.16\",\"x\":\"Life expectancy\",\"xref\":\"x\",\"y\":\"infant deaths\",\"yref\":\"y\"},{\"font\":{\"color\":\"#FFFFFF\"},\"showarrow\":false,\"text\":\"0.04\",\"x\":\"Adult Mortality\",\"xref\":\"x\",\"y\":\"infant deaths\",\"yref\":\"y\"},{\"font\":{\"color\":\"#000000\"},\"showarrow\":false,\"text\":\"1.0\",\"x\":\"infant deaths\",\"xref\":\"x\",\"y\":\"infant deaths\",\"yref\":\"y\"},{\"font\":{\"color\":\"#FFFFFF\"},\"showarrow\":false,\"text\":\"-0.11\",\"x\":\"Alcohol\",\"xref\":\"x\",\"y\":\"infant deaths\",\"yref\":\"y\"},{\"font\":{\"color\":\"#FFFFFF\"},\"showarrow\":false,\"text\":\"-0.09\",\"x\":\"percentage expenditure\",\"xref\":\"x\",\"y\":\"infant deaths\",\"yref\":\"y\"},{\"font\":{\"color\":\"#FFFFFF\"},\"showarrow\":false,\"text\":\"-0.22\",\"x\":\"Hepatitis B\",\"xref\":\"x\",\"y\":\"infant deaths\",\"yref\":\"y\"},{\"font\":{\"color\":\"#000000\"},\"showarrow\":false,\"text\":\"0.51\",\"x\":\"Measles\",\"xref\":\"x\",\"y\":\"infant deaths\",\"yref\":\"y\"},{\"font\":{\"color\":\"#FFFFFF\"},\"showarrow\":false,\"text\":\"-0.23\",\"x\":\"BMI\",\"xref\":\"x\",\"y\":\"infant deaths\",\"yref\":\"y\"},{\"font\":{\"color\":\"#000000\"},\"showarrow\":false,\"text\":\"1.0\",\"x\":\"under-five deaths\",\"xref\":\"x\",\"y\":\"infant deaths\",\"yref\":\"y\"},{\"font\":{\"color\":\"#FFFFFF\"},\"showarrow\":false,\"text\":\"-0.16\",\"x\":\"Polio\",\"xref\":\"x\",\"y\":\"infant deaths\",\"yref\":\"y\"},{\"font\":{\"color\":\"#FFFFFF\"},\"showarrow\":false,\"text\":\"-0.15\",\"x\":\"Total expenditure\",\"xref\":\"x\",\"y\":\"infant deaths\",\"yref\":\"y\"},{\"font\":{\"color\":\"#FFFFFF\"},\"showarrow\":false,\"text\":\"-0.16\",\"x\":\"Diphtheria\",\"xref\":\"x\",\"y\":\"infant deaths\",\"yref\":\"y\"},{\"font\":{\"color\":\"#FFFFFF\"},\"showarrow\":false,\"text\":\"0.0\",\"x\":\"HIV/AIDS\",\"xref\":\"x\",\"y\":\"infant deaths\",\"yref\":\"y\"},{\"font\":{\"color\":\"#FFFFFF\"},\"showarrow\":false,\"text\":\"-0.1\",\"x\":\"GDP\",\"xref\":\"x\",\"y\":\"infant deaths\",\"yref\":\"y\"},{\"font\":{\"color\":\"#000000\"},\"showarrow\":false,\"text\":\"0.56\",\"x\":\"Population\",\"xref\":\"x\",\"y\":\"infant deaths\",\"yref\":\"y\"},{\"font\":{\"color\":\"#000000\"},\"showarrow\":false,\"text\":\"0.48\",\"x\":\"thinness  1-19 years\",\"xref\":\"x\",\"y\":\"infant deaths\",\"yref\":\"y\"},{\"font\":{\"color\":\"#000000\"},\"showarrow\":false,\"text\":\"0.49\",\"x\":\"thinness 5-9 years\",\"xref\":\"x\",\"y\":\"infant deaths\",\"yref\":\"y\"},{\"font\":{\"color\":\"#FFFFFF\"},\"showarrow\":false,\"text\":\"-0.14\",\"x\":\"Income composition of resources\",\"xref\":\"x\",\"y\":\"infant deaths\",\"yref\":\"y\"},{\"font\":{\"color\":\"#FFFFFF\"},\"showarrow\":false,\"text\":\"-0.2\",\"x\":\"Schooling\",\"xref\":\"x\",\"y\":\"infant deaths\",\"yref\":\"y\"},{\"font\":{\"color\":\"#FFFFFF\"},\"showarrow\":false,\"text\":\"-0.05\",\"x\":\"Year\",\"xref\":\"x\",\"y\":\"Alcohol\",\"yref\":\"y\"},{\"font\":{\"color\":\"#000000\"},\"showarrow\":false,\"text\":\"0.61\",\"x\":\"Status\",\"xref\":\"x\",\"y\":\"Alcohol\",\"yref\":\"y\"},{\"font\":{\"color\":\"#000000\"},\"showarrow\":false,\"text\":\"0.4\",\"x\":\"Life expectancy\",\"xref\":\"x\",\"y\":\"Alcohol\",\"yref\":\"y\"},{\"font\":{\"color\":\"#FFFFFF\"},\"showarrow\":false,\"text\":\"-0.18\",\"x\":\"Adult Mortality\",\"xref\":\"x\",\"y\":\"Alcohol\",\"yref\":\"y\"},{\"font\":{\"col